target_temp: 21.0
deadband: 1.0
sat_aware_flow: false
sat_neutral: 17.745401188473625
sat_kp: 4.758500101408589
sat_min: 12.31993941811405
sat_max: 52.959754525911094
sat_rate_limit: 0.19821770842031466
outdoor_sat_gain: 0.07799726016810132
sat_cold_bias: 0.05808361216819946
sat_warm_bias: 1.2992642186624028
flow_base: 0.5207805082202462
flow_kp: 0.7226689489062432
flow_ki: 0.0010994335574766201
flow_min: 0.48645943347289744
flow_max: 0.9162213204002109
flow_rate_limit: 0.07157834209670008
integral_max: 13.182123524319527
integral_decay: 0.8366809019706868
reheat_sp_min: 11.042422429595376
reheat_sp_max: 25.24756431632238
reheat_sp_deadband: 0.9206955354200199
reheat_sp_kp: 1.8105311308911887
reheat_sp_rate_limit: 0.19131881052226624
clg_sp_default: 21.115950885216336
error_ema_alpha: 0.1814650918408482
oa_mass_flow: 1.37
type: air_loop
