target_temp: 21.0
deadband: 1.0
sat_aware_flow: true
sat_neutral: 14.339943704057445
sat_kp: 2.3743541812885574
sat_min: 10.302054710657618
sat_max: 44.158103914074104
sat_rate_limit: 0.8336039875122189
outdoor_sat_gain: 0.1627887736704306
sat_cold_bias: 0.6461342509628764
sat_warm_bias: 1.3682982107184465
flow_base: 0.7846341772087393
flow_kp: 0.14643207814536138
flow_ki: 0.0015291838081931658
flow_min: 0.4915362378665966
flow_max: 0.8638213061835563
flow_rate_limit: 0.16818201649507517
integral_max: 17.319314025308906
integral_decay: 0.9736140824147189
reheat_sp_min: 17.537307090310755
reheat_sp_max: 22.202617555571454
reheat_sp_deadband: 0.33853696282702184
reheat_sp_kp: 4.603151169131885
reheat_sp_rate_limit: 0.15909134706047362
clg_sp_default: 20.9314797035679
error_ema_alpha: 0.4662956753131377
oa_mass_flow: 1.37
type: air_loop
