target_temp: 21.0
deadband: 1.0
sat_aware_flow: false
sat_neutral: 14.212031135867182
sat_kp: 4.514746937318299
sat_min: 5.984735453314031
sat_max: 52.97452860097668
sat_rate_limit: 0.4275011746545865
outdoor_sat_gain: 0.08450838135406988
sat_cold_bias: 0.14749310339614755
sat_warm_bias: 0.8917583089956209
flow_base: 0.6512250038671776
flow_kp: 0.37759288690640935
flow_ki: 0.007764460533869716
flow_min: 0.42587706016997645
flow_max: 0.6225279690994282
flow_rate_limit: 0.18937018911023826
integral_max: 38.32393632362941
integral_decay: 0.8504045490192649
reheat_sp_min: 15.99465197061302
reheat_sp_max: 23.74531847322985
reheat_sp_deadband: 0.5919828979577886
reheat_sp_kp: 3.265855511639781
reheat_sp_rate_limit: 0.14806559862374094
clg_sp_default: 23.96486635840107
error_ema_alpha: 0.46782794055078636
oa_mass_flow: 1.37
type: air_loop
