target_temp: 21.0
deadband: 1.0
sat_aware_flow: true
sat_neutral: 14.594840818469041
sat_kp: 1.7707726873274487
sat_min: 9.524600986998195
sat_max: 39.998456092642606
sat_rate_limit: 0.49713740560248565
outdoor_sat_gain: 0.009653725459697279
sat_cold_bias: 0.8479555284537059
sat_warm_bias: 1.4161251968976816
flow_base: 0.7582342036123039
flow_kp: 0.06773716625483055
flow_ki: 0.002653800150638651
flow_min: 0.1468922939329514
flow_max: 0.8641326005453236
flow_rate_limit: 0.11450132418725395
integral_max: 14.216421138570308
integral_decay: 0.8504397431219453
reheat_sp_min: 15.242462745026481
reheat_sp_max: 26.88587652478169
reheat_sp_deadband: 0.5751779480572231
reheat_sp_kp: 4.570159545432998
reheat_sp_rate_limit: 0.15680829360068707
clg_sp_default: 25.152857146921956
error_ema_alpha: 0.49986336557339855
oa_mass_flow: 1.37
type: air_loop
