target_temp: 21.0
deadband: 1.0
sat_aware_flow: true
sat_neutral: 14.335594191165459
sat_kp: 4.907585271212136
sat_min: 10.23757950966294
sat_max: 48.65323620504919
sat_rate_limit: 0.24995210334145518
outdoor_sat_gain: 0.001425993178741463
sat_cold_bias: 0.5766024265476903
sat_warm_bias: 1.4316114577760135
flow_base: 0.6559664349058896
flow_kp: 0.050197332161522966
flow_ki: 0.0019869453462366144
flow_min: 0.0907054715173313
flow_max: 0.8372751789958359
flow_rate_limit: 0.29931300009358935
integral_max: 37.56435714363582
integral_decay: 0.9002743571609005
reheat_sp_min: 16.78573320675803
reheat_sp_max: 20.843428011714334
reheat_sp_deadband: 0.4378165214608868
reheat_sp_kp: 3.482402597013667
reheat_sp_rate_limit: 0.11675840655522866
clg_sp_default: 25.91039448534025
error_ema_alpha: 0.2935502564022974
oa_mass_flow: 1.37
type: air_loop
