target_temp: 21.0
deadband: 1.0
sat_aware_flow: true
sat_neutral: 14.374825888876373
sat_kp: 3.818366662662189
sat_min: 10.900413169516536
sat_max: 58.681885542016026
sat_rate_limit: 0.8274301878000183
outdoor_sat_gain: 0.07721647955723757
sat_cold_bias: 0.07138768521824722
sat_warm_bias: 1.3868823101267507
flow_base: 0.7867373574475619
flow_kp: 0.14299364371244938
flow_ki: 0.002414593143306898
flow_min: 0.338439824623678
flow_max: 0.8999497292917206
flow_rate_limit: 0.2593643360112602
integral_max: 26.476537117646686
integral_decay: 0.9441190483292274
reheat_sp_min: 15.64695501999267
reheat_sp_max: 29.54144541986401
reheat_sp_deadband: 0.46267141513741544
reheat_sp_kp: 0.8184491974703031
reheat_sp_rate_limit: 0.12941202412885044
clg_sp_default: 21.95423223621665
error_ema_alpha: 0.39007725489543466
oa_mass_flow: 1.37
type: air_loop
