target_temp: 21.0
deadband: 1.0
sat_aware_flow: false
sat_neutral: 15.689149696208961
sat_kp: 2.9875062128726104
sat_min: 5.0013869858695195
sat_max: 38.854399974289734
sat_rate_limit: 0.7003821519543004
outdoor_sat_gain: 0.29617486138791954
sat_cold_bias: 0.33520772994015935
sat_warm_bias: 1.3020091886966427
flow_base: 0.7150085798849755
flow_kp: 0.8685472364531994
flow_ki: 0.00378932349082213
flow_min: 0.4438909844660695
flow_max: 0.8834197271762224
flow_rate_limit: 0.12680723486659684
integral_max: 18.893323935987787
integral_decay: 0.8431187604141275
reheat_sp_min: 15.4883986519891
reheat_sp_max: 21.84184817042148
reheat_sp_deadband: 0.33360424542392064
reheat_sp_kp: 1.7261046716404513
reheat_sp_rate_limit: 0.11571960618630317
clg_sp_default: 22.854429911728086
error_ema_alpha: 0.47984044204402926
oa_mass_flow: 1.37
type: air_loop
