target_temp: 21.0
deadband: 1.0
sat_aware_flow: false
sat_neutral: 14.705066226124648
sat_kp: 3.7797926290110024
sat_min: 8.096727891771174
sat_max: 64.38781768554534
sat_rate_limit: 0.6549572226412942
outdoor_sat_gain: 0.06876988784556444
sat_cold_bias: 0.026755234608694455
sat_warm_bias: 0.9586795541533082
flow_base: 0.5448880781810707
flow_kp: 0.6057037718415297
flow_ki: 0.002016073379164874
flow_min: 0.15207861913207193
flow_max: 0.6922182670403056
flow_rate_limit: 0.01576730395770734
integral_max: 26.669241876596224
integral_decay: 0.8770071680522908
reheat_sp_min: 15.818144002814188
reheat_sp_max: 28.853867543079744
reheat_sp_deadband: 0.4182336076980202
reheat_sp_kp: 4.0765434625153985
reheat_sp_rate_limit: 0.11755829288386999
clg_sp_default: 21.44845532236176
error_ema_alpha: 0.42572370137508947
oa_mass_flow: 1.37
type: air_loop
