heating_setpoint_c: 20.0
cooling_setpoint_c: 22.0
kp: 0.030801281534598945
ki: 0.00016673630473855442
integral_max: 34.28235835553832
min_fan_fraction: 0.033075971090756634
sat_min_c: 9.824607175542532
sat_max_c: 38.1264294407574
sat_initial_c: 12.016727383530522
sat_trim: 0.5683324859602813
sat_respond: 3.1452986822151456
demand_deadband: 0.010396190749914878
availability_on: 1.4816251758743935
fan_error_mode: nearest_setpoint
target_schedule:
  enabled: false
  weekend_days: !!python/tuple
  - 1
  - 7
  weekend_target_c: 18.0
  weekday_target_c: 21.0
  weekday_setback_target_c: 18.0
  weekday_setback_start_hour: 9.0
  weekday_setback_end_hour: 16.0
type: unitary_hvac
