heating_setpoint_c: 20.0
cooling_setpoint_c: 22.0
kp: 1.5422171598774734
ki: 0.045689907279730324
integral_max: 12.480152467593527
min_fan_fraction: 0.4846745493651617
sat_min_c: 14.004631763529723
sat_max_c: 48.02966080701386
sat_initial_c: 15.95470156889742
sat_trim: 0.930860994906895
sat_respond: 3.177362571659766
demand_deadband: 0.010878883075346367
availability_on: 0.629955609390968
fan_error_mode: nearest_setpoint
target_schedule:
  enabled: false
  weekend_days: !!python/tuple
  - 1
  - 7
  weekend_target_c: 18.0
  weekday_target_c: 21.0
  weekday_setback_target_c: 18.0
  weekday_setback_start_hour: 9.0
  weekday_setback_end_hour: 16.0
type: unitary_hvac
