heating_setpoint_c: 20.0
cooling_setpoint_c: 22.0
kp: 0.01125651569078111
ki: 0.00027781857411824756
integral_max: 30.946666236104605
min_fan_fraction: 0.11722922436481097
sat_min_c: 10.10343461441766
sat_max_c: 48.043348741746776
sat_initial_c: 17.349263641509886
sat_trim: 0.9329834769526298
sat_respond: 4.905530223637416
demand_deadband: 0.011739200518745857
availability_on: 1.515380270362097
fan_error_mode: center_of_band
target_schedule:
  enabled: false
  weekend_days: !!python/tuple
  - 1
  - 7
  weekend_target_c: 18.0
  weekday_target_c: 21.0
  weekday_setback_target_c: 18.0
  weekday_setback_start_hour: 9.0
  weekday_setback_end_hour: 16.0
type: unitary_hvac
