heating_setpoint_c: 20.0
cooling_setpoint_c: 22.0
kp: 1.2183764137915416
ki: 0.0024030363438634897
integral_max: 17.560607171904007
min_fan_fraction: 0.30113692451912005
sat_min_c: 5.182045313432207
sat_max_c: 33.606698591304614
sat_initial_c: 18.319707285789196
sat_trim: 0.9766516869531278
sat_respond: 4.100252405579629
demand_deadband: 0.010465465653926566
availability_on: 2.9006978418644427
fan_error_mode: nearest_setpoint
target_schedule:
  enabled: false
  weekend_days: !!python/tuple
  - 1
  - 7
  weekend_target_c: 18.0
  weekday_target_c: 21.0
  weekday_setback_target_c: 18.0
  weekday_setback_start_hour: 9.0
  weekday_setback_end_hour: 16.0
type: unitary_hvac
