heating_setpoint_c: 20.0
cooling_setpoint_c: 22.0
kp: 0.4300327675167462
ki: 0.010265338938325569
integral_max: 2.058855731343647
min_fan_fraction: 0.2516988999322096
sat_min_c: 14.994746677094403
sat_max_c: 33.158324415987984
sat_initial_c: 13.020737101383897
sat_trim: 0.36703853126039193
sat_respond: 1.8326669545494603
demand_deadband: 0.011541430473348215
availability_on: 2.6640104690419677
fan_error_mode: nearest_setpoint
target_schedule:
  enabled: false
  weekend_days: !!python/tuple
  - 1
  - 7
  weekend_target_c: 18.0
  weekday_target_c: 21.0
  weekday_setback_target_c: 18.0
  weekday_setback_start_hour: 9.0
  weekday_setback_end_hour: 16.0
type: unitary_hvac
