heating_setpoint_c: 20.0
cooling_setpoint_c: 22.0
kp: 0.1201302561749738
ki: 0.06912356189387647
integral_max: 35.421572439590584
min_fan_fraction: 0.351520939608059
sat_min_c: 9.664326727769454
sat_max_c: 35.08659610774179
sat_initial_c: 17.596246242790492
sat_trim: 0.4863531006370183
sat_respond: 1.9840811055082097
demand_deadband: 0.01201812793808581
availability_on: 1.0226103711886574
fan_error_mode: center_of_band
target_schedule:
  enabled: false
  weekend_days: !!python/tuple
  - 1
  - 7
  weekend_target_c: 18.0
  weekday_target_c: 21.0
  weekday_setback_target_c: 18.0
  weekday_setback_start_hour: 9.0
  weekday_setback_end_hour: 16.0
type: unitary_hvac
