heating_setpoint_c: 20.0
cooling_setpoint_c: 22.0
kp: 1.0146433458877495
ki: 0.0046798123352595625
integral_max: 43.27766071076626
min_fan_fraction: 0.010222495935261932
sat_min_c: 7.143647877018451
sat_max_c: 43.46334931262874
sat_initial_c: 10.44140754523861
sat_trim: 0.7577233089830441
sat_respond: 4.4089391566973095
demand_deadband: 0.011010744149710018
availability_on: 0.7977441514110669
fan_error_mode: nearest_setpoint
target_schedule:
  enabled: false
  weekend_days: !!python/tuple
  - 1
  - 7
  weekend_target_c: 18.0
  weekday_target_c: 21.0
  weekday_setback_target_c: 18.0
  weekday_setback_start_hour: 9.0
  weekday_setback_end_hour: 16.0
type: unitary_hvac
