heating_setpoint_c: 20.0
cooling_setpoint_c: 22.0
kp: 0.015666541361861196
ki: 0.0019313058982400194
integral_max: 7.585334792132112
min_fan_fraction: 0.12052705042029165
sat_min_c: 9.821965369812524
sat_max_c: 40.04480822718603
sat_initial_c: 11.820354054815507
sat_trim: 0.9996326691636134
sat_respond: 4.997809611256749
demand_deadband: 0.011078353417545555
availability_on: 1.6072130522665187
fan_error_mode: nearest_setpoint
target_schedule:
  enabled: false
  weekend_days: !!python/tuple
  - 1
  - 7
  weekend_target_c: 18.0
  weekday_target_c: 21.0
  weekday_setback_target_c: 18.0
  weekday_setback_start_hour: 9.0
  weekday_setback_end_hour: 16.0
type: unitary_hvac
